grades_2022-08-27_10-15-46.csv